012525
012528
012529
012531
012532
012533
012534
012535
012536
012537
012538
012539
012540
012541
012542
012543
012544
012545
012546
012547
012548
012549
012551
012552
012554
012555
012556
012557
012558
012559
012560
012562
012563
012564
012565
012566
012567
012568
012569
012570
012573
012574
012575
012576
012577
012578
012580
012581
012582
012583
012584
012585
012586
012587
012588
012590
012591
012592
012593
012595
012596
012597
012598
012599
012601
012602
012603
012604
012605
012606
012607
012609
012610
012611
012612
012613
012614
012616
012617
012618
012619
012621
012622
012623
012624
012626
012627
012629
012631
012632
012633
012635
012636
012638
012639
012640
012641
012643
012646
012647
012648
012649
012651
012653
012656
012657
012658
012659
012660
012661
012662
012663
012664
012665
012666
012667
012670
012671
012672
012673
012674
012675
012676
012677
012678
012679
012680
012681
012682
012683
012684
012685
012688
012689
012690
012692
012693
012694
012695
012696
012697
012698
012700
012701
012702
012703
012704
012705
012707
012708
012709
012710
012711
012712
012713
012714
012715
012716
012717
012718
012719
012720
012721
012722
012723
012726
012728
012729
012730
012731
012735
012736
012737
012738
012739
012740
012741
012742
012743
012744
012745
012747
012749
012750
012751
012752
012753
012754
012755
012756
012758
012759
012760
012761
012762
012763
012764
012765
012766
012767
012769
012771
012772
012773
012774
012775
012777
012778
012779
012780
012781
012782
012783
012784
012785
012786
012787
012788
012789
012790
012791
012792
012793
012794
012796
012797
012798
012799
012802
012803
012804
012805
012806
012807
012808
012809
012810
012811
012812
012813
012814
012815
012816
012817
012818
012819
012820
012821
012822
012823
012824
012825
012826
012827
012829
012830
012831
012832
012833
012834
012835
012836
012837
012838
012839
012840
012841
012843
012844
012845
012847
012848
012849
012851
012852
012853
012854
012855
012856
012857
012858
012859
012860
012861
012862
012863
012864
012866
012867
012868
012869
012870
012871
012872
012873
012874
012875
012876
012877
012878
012879
012880
012881
012882
012884
012885
012886
012887
012888
012889
012890
012892
012893
012894
012895
012896
012897
012899
012900
012902
012904
012905
012906
012907
012908
012909
012910
012911
012912
012913
012914
012915
012916
012917
012918
012919
012920
012921
012922
012923
012925
012926
012928
012929
012930
012931
012932
012933
012934
012935
012936
012937
012938
012939
012940
012941
012942
012944
012945
012946
012947
012948
012949
012950
012951
012952
012953
012954
012955
012956
012957
012958
012959
012960
012961
012962
012963
012964
012965
012966
012967
012969
012970
012971
012972
012973
012974
012975
012976
012977
012978
012979
012980
012981
012983
012984
012986
012987
012988
012989
012990
012991
012992
012993
012994
012995
012996
012997
012998
012999
013000
013001
013002
013003
013004
013005
013007
013009
013010
013011
013012
013013
013015
013016
013017
013018
013019
013020
013021
013022
013023
013025
013026
013027
013028
013029
013030
013031
013032
013033
013034
013035
013036
013037
013039
013040
013041
013042
013043
013044
013047
013048
013049
013050
013051
013052
013054
013056
013057
013058
013061
013062
013064
013065
013066
013067
013068
013069
013070
013071
013072
013073
013074
013075
013076
013077
013078
013079
013080
013081
013083
013084
013086
013087
013088
013089
013090
013091
013092
013093
013094
013095
013096
013098
013099
013100
013102
013103
013104
013105
013106
013108
013109
013110
013111
013112
013113
013114
013116
013117
013118
013119
013120
013121
013122
013126
013128
013129
013130
013131
013132
013133
013134
013136
013137
013138
013139
013140
013141
013143
013144
013145
013147
013148
013149
013150
013152
013153
013154
013155
013158
013159
013160
013161
013162
013163
013164
013165
013166
013167
013168
013169
013170
013171
013172
013173
013174
013176
013177
013178
013179
013181
013182
013183
013184
013185
013186
013187
013188
013189
013190
013191
013192
013193
013194
013195
013196
013197
013198
013203
013204
013205
013206
013207
013208
013209
013210
013211
013212
013213
013214
013215
013216
013217
013218
013219
013220
013221
013222
013223
013224
013225
013226
013227
013228
013229
013230
013231
013232
013234
013235
013236
013238
013241
013242
013243
013244
013245
013246
013247
013248
013249
013250
013251
013252
013253
013254
013255
013256
013257
013258
013259
013260
013262
013263
013264
013265
013266
013267
013269
013270
013271
013272
013273
013274
013275
013276
013277
013278
013279
013281
013282
013283
013284
013285
013286
013287
013288
013289
013290
013292
013293
013294
013295
013298
013299
013300
013301
013302
013303
013304
013306
013307
013308
013309
013310
013311
013312
013313
013314
013315
013316
013317
013318
013319
013320
013321
013322
013323
013324
013325
013326
013327
013328
013329
013331
013332
013333
013334
013335
013336
013337
013338
013339
013341
013343
013344
013346
013350
013352
013353
013354
013355
013356
013357
013358
013359
013360
013361
013362
013363
013364
013365
013366
013367
013368
013369
013370
013371
013372
013373
013374
013377
013378
013379
013380
013381
013382
013383
013384
013385
013386
013389
013390
013391
013392
013393
013394
013395
013396
013397
013398
013399
013401
013402
013403
013405
013406
013407
013408
013409
013410
013411
013413
013414
013415
013416
013417
013418
013419
013420
013421
013422
013423
013424
013425
013426
013427
013428
013429
013430
013431
013432
013433
013434
013435
013436
013437
013439
013440
013441
013442
013443
013444
013445
013447
013448
013449
013450
013451
013452
013453
013454
013455
013457
013458
013459
013460
013461
013462
013464
013465
013466
013467
013468
013470
013471
013472
013473
013474
013475
013476
013477
013478
013479
013480
013482
013484
013485
013486
013487
013488
013489
013490
013492
013493
013494
013495
013496
013497
013498
013502
013503
013504
013506
013507
013508
013509
013510
013511
013512
013513
013514
013515
013517
013518
013519
013521
013522
013523
013524
013525
013526
013527
013528
013529
013530
013531
013532
013534
013535
013536
013537
013538
013539
013540
013541
013542
013543
013544
013545
013546
013547
013548
013549
013550
013551
013552
013553
013554
013555
013556
013557
013558
013560
013561
013562
013563
013564
013565
013566
013567
013568
013569
013570
013571
013572
013573
013574
013575
013576
013577
013578
013579
013580
013581
013582
013583
013584
013585
013586
013587
013588
013589
013591
013592
013593
013594
013595
013596
013597
013599
013600
013601
013602
013603
013604
013605
013606
013607
013609
013610
013611
013612
013613
013614
013616
013617
013619
013620
013621
013622
013623
013624
013625
013626
013627
013628
013629
013630
013631
013632
013633
013634
013635
013636
013637
013638
013639
013640
013641
013642
013644
013645
013646
013647
013650
013651
013652
013653
013654
013655
013657
013658
013660
013661
013662
013663
013664
013665
013666
013667
013668
013670
013671
013673
013674
013675
013676
013677
013678
013679
013680
013681
013682
013684
013685
013686
013687
013688
013690
013691
013692
013693
013694
013695
013696
013697
013698
013699
013700
013701
013702
013703
013704
013705
013706
013707
013708
013709
013711
013712
013713
013714
013716
013717
013718
013719
013720
013721
013722
013723
013727
013729
013730
013731
013732
013733
013734
013735
013736
013737
013738
013739
013740
013741
013742
013743
013744
013745
013746
013747
013748
013749
013750
013751
013753
013754
013755
013756
013758
013760
013761
013762
013763
013764
013765
013766
013767
013768
013769
013770
013771
013772
013773
013774
013775
013776
013777
013778
013779
013781
013783
013784
013786
013789
013790
013791
013792
013793
013794
013795
013796
013797
013798
013799
013800
013801
013802
013803
013804
013805
013807
013808
013810
013811
013812
013813
013814
013815
013816
013817
013819
013820
013821
013822
013823
013824
013826
013827
013828
013829
013830
013831
013832
013833
013834
013835
013836
013837
013838
013839
013840
013841
013842
013843
013844
013845
013846
013847
013849
013850
013851
013852
013853
013854
013855
013856
013857
013858
013859
013860
013861
013862
013863
013864
013865
013867
013868
013869
013870
013871
013873
013874
013875
013876
013877
013878
013879
013880
013881
013882
013883
013884
013885
013886
013887
013888
013889
013890
013891
013892
013893
013894
013895
013896
013897
013898
013899
013900
013901
013902
013903
013904
013905
013906
013907
013908
013909
013910
013912
013913
013914
013915
013916
013918
013919
013920
013921
013922
013923
013924
013925
013926
013927
013928
013930
013931
013933
013934
013935
013936
013937
013938
013940
013941
013942
013943
013944
013945
013946
013947
013949
013950
013952
013953
013954
013955
013956
013957
013958
013959
013960
013961
013962
013966
013967
013968
013969
013970
013971
013972
013974
013975
013976
013977
013978
013979
013981
013982
013983
013984
013985
013986
013988
013990
013991
013992
013993
013994
013995
013996
013997
013998
013999
014000
014001
014002
014003
014004
014005
014006
014007
014008
014010
014011
014013
014014
014015
014016
014017
014018
014019
014020
014022
014023
014024
014025
014026
014027
014028
014029
014030
014031
014032
014033
014034
014035
014036
014037
014039
014040
014041
014042
014044
014045
014046
014049
014050
014051
014052
014053
014054
014055
014057
014058
014059
014060
014061
014062
014063
014064
014065
014066
014067
014068
014069
014070
014072
014073
014075
014077
014078
014079
014080
014081
014083
014084
014085
014086
014087
014088
014089
014090
014091
014092
014093
014094
014095
014096
014098
014099
014100
014101
014102
014103
014104
014105
014106
014107
014108
014110
014111
014112
014113
014114
014115
014116
014117
014118
014119
014121
014122
014124
014125
014126
014127
014128
014129
014130
014131
014133
014134
014135
014136
014138
014139
014140
014141
014142
014143
014144
014145
014146
014147
014148
014149
014150
014151
014152
014153
014154
014155
014156
014157
014158
014161
014163
014164
014166
014167
014168
014169
014170
014171
014172
014173
014174
014175
014176
014177
014178
014180
014181
014182
014183
014184
014185
014186
014187
014188
014189
014190
014191
014192
014194
014195
014196
014197
014199
014200
014201
014202
014203
014204
014205
014206
014207
014208
014209
014210
014211
014213
014214
014215
014217
014218
014219
014220
014221
014223
014224
014225
014226
014227
014228
014229
014230
014231
014232
014233
014234
014235
014236
014237
014238
014239
014240
014241
014242
014243
014244
014245
014246
014247
014248
014249
014250
014254
014255
014256
014257
014258
014259
014260
014261
014262
014263
014264
014265
014266
014267
014268
014269
014270
014272
014273
014274
014275
014276
014277
014278
014279
014280
014281
014283
014284
014285
014286
014287
014288
014289
014291
014292
014293
014294
014295
014296
014297
014298
014299
014300
014301
014302
014304
014305
014306
014307
014308
014309
014310
014311
014312
014313
014315
014317
014318
014320
014321
014322
014324
014325
014326
014327
014328
014329
014330
014331
014333
014334
014335
014336
014337
014338
014339
014340
014341
014342
014343
014344
014345
014346
014347
014348
014349
014350
014351
014352
014353
014354
014355
014357
014358
014360
014361
014362
014363
014364
014365
014366
014367
014368
014369
014370
014371
014372
014373
014374
014375
014376
014377
014378
014379
014380
014381
014382
014383
014384
014386
014387
014388
014389
014390
014391
014392
014393
014394
014395
014396
014397
014398
014399
014400
014402
014403
014404
014405
014406
014407
014408
014409
014410
014411
014412
014413
014414
014416
014417
014418
014419
014420
014423
014425
014426
014427
014429
014430
014431
014432
014433
014434
014435
014436
014438
014439
014440
014441
014442
014443
014445
014446
014447
014448
014449
014450
014451
014452
014453
014454
014455
014456
014458
014459
014460
014461
014462
014463
014464
014465
014466
014467
014468
014469
014470
014471
014472
014473
014475
014476
014477
014478
014480
014481
014483
014484
014485
014486
014487
014488
014489
014490
014491
014492
014493
014494
014495
014496
014498
014499
014501
014502
014503
014504
014505
014507
014508
014509
014510
014511
014512
014513
014514
014515
014516
014517
014518
014519
014520
014521
014522
014523
014524
014525
014526
014527
014528
014529
014530
014531
014532
014533
014535
014536
014538
014539
014541
014542
014543
014544
014545
014546
014547
014548
014549
014550
014551
014552
014553
014554
014555
014556
014557
014558
014559
014560
014561
014563
014564
014565
014566
014568
014570
014572
014573
014574
014575
014576
014577
014578
014579
014580
014581
014582
014583
014585
014586
014588
014589
014590
014591
014593
014594
014595
014598
014599
014600
014601
014602
014603
014604
014605
014607
014608
014609
014610
014611
014612
014613
014614
014615
014616
014617
014618
014619
014620
014621
014622
014623
014624
014625
014627
014629
014631
014632
014633
014634
014635
014636
014637
014638
014639
014640
014641
014642
014643
014644
014645
014646
014649
014650
014651
014652
014653
014655
014656
014657
014658
014659
014660
014661
014662
014663
014664
014665
014666
014667
014668
014669
014670
014671
014672
014674
014676
014677
014679
014680
014682
014683
014684
014685
014686
014687
014688
014689
014690
014691
014692
014693
014694
014695
014696
014697
014698
014699
014700
014701
014702
014703
014704
014705
014706
014707
014708
014709
014710
014711
014712
014713
014714
014716
014718
014719
014720
014721
014723
014724
014725
014727
014729
014730
014731
014732
014734
014735
014743
014744
014745
014746
014747
014748
014749
014750
014751
014752
014753
014755
014756
014757
014758
014759
014760
014761
014762
014763
014764
014765
014766
014767
014768
014769
014770
014771
014772
014773
014774
014776
014777
014778
014779
014780
014782
014783
014784
014785
014786
014788
014793
014794
014795
014796
014797
014798
014799
014801
014802
014803
014804
014805
014806
014807
014808
014809
014810
014811
014812
014813
014815
014816
014817
014818
014819
014820
014821
014822
014824
014825
014826
014827
014828
014829
014830
014831
014832
014833
014836
014838
014839
014840
014841
014842
014843
014844
014845
014846
014847
014848
014849
014851
014853
014854
014855
014857
014858
014859
014860
014861
014862
014863
014864
014865
014866
014867
014868
014869
014870
014871
014872
014873
014874
014875
014877
014878
014879
014881
014882
014883
014884
014885
014886
014887
014889
014891
014892
014893
014894
014896
014898
014899
014901
014902
014903
014904
014905
014907
014908
014909
014910
014911
014912
014913
014914
014915
014916
014918
014919
014920
014921
014922
014923
014924
014925
014926
014927
014928
014930
014931
014933
014935
014937
014938
014939
014940
014941
014942
014944
014945
014946
014947
014948
014949
014950
014951
014952
014953
014954
014956
014957
014958
014959
014960
014962
014963
014964
014965
014966
014967
014968
014970
014971
014972
014973
014974
014975
014976
014978
014979
014980
014981
014982
014983
014984
014985
014986
014987
014988
014989
014990
014991
014992
014993
014994
014995
014996
014997
014998
014999
015000
015001
015002
015003
015004
015005
015006
015007
015008
015010
015011
015012
015013
015014
015015
015018
015019
015021
015023
015025
015026
015027
015030
015031
015032
015033
015034
015035
015036
015037
015038
015039
015040
015041
015042
015044
015045
015046
015047
015048
015049
015050
015051
015052
015053
015054
015055
015056
015057
015058
015059
015060
015061
015062
015064
015065
015066
015067
015068
015069
015070
015072
015073
015074
015075
015077
015079
015080
015081
015082
015084
015085
015086
015087
015091
015092
015093
015094
015096
015098
015099
015101
015103
015104
015105
015106
015107
015108
015109
015110
015111
015112
015113
015114
015115
015116
015117
015118
015119
015120
015121
015122
015123
015124
015125
015126
015127
015128
015129
015130
015132
015133
015134
015135
015136
015137
015141
015142
015145
015147
015148
015149
015150
015151
015153
015154
015155
015156
015157
015158
015159
015160
015161
015162
015163
015164
015166
015167
015168
015169
015170
015171
015172
015174
015175
015176
015177
015178
015179
015180
015181
015182
015183
015184
015185
015186
015187
015188
015189
015190
015191
015192
015193
015194
015196
015197
015199
015200
015201
015203
015204
015205
015206
015207
015208
015209
015210
015211
015214
015215
015216
015217
015218
015219
015220
015221
015222
015223
015224
015225
015226
015227
015228
015229
015230
015231
015232
015233
015234
015236
015237
015238
015239
015240
015241
015243
015244
015245
015246
015247
015248
015249
015252
015253
015254
015255
015257
015258
015259
015260
015261
015262
015263
015264
015265
015266
015267
015268
015269
015270
015271
015272
015273
015274
015275
015276
015279
015280
015281
015282
015283
015284
015285
015286
015287
015288
015289
015290
015291
015292
015293
015295
015296
015297
015298
015299
015300
015301
015302
015303
015304
015305
015306
015307
015308
015309
015310
015311
015312
015313
015314
015315
015316
015318
015319
015320
015321
015322
015323
015324
015325
015326
015327
015328
015329
015330
015331
015332
015337
015338
015339
015340
015341
015342
015343
015344
015345
015346
015347
015348
015349
015350
015351
015352
015353
015356
015357
015358
015360
015361
015362
015363
015364
015365
015367
015368
015369
015370
015371
015373
015374
015375
015376
015377
015378
015379
015380
015382
015383
015384
015385
015386
015388
015389
015390
015391
015392
015393
015394
015396
015397
015398
015399
015400
015401
015402
015403
015404
015406
015407
015408
015410
015411
015412
015414
015415
015416
015418
015419
015420
015421
015422
015423
015424
015425
015426
015427
015428
015429
015431
015433
015434
015435
015436
015437
015438
015439
015440
015441
015442
015443
015444
015445
015446
015447
015448
015449
015450
015452
015454
015455
015458
015459
015460
015462
015463
015464
015465
015466
015467
015468
015469
015471
015472
015473
015475
015476
015477
015478
015481
015482
015483
015484
015485
015486
015487
015488
015489
015493
015494
015495
015496
015497
015498
015500
015501
015502
015503
015504
015505
015506
015507
015508
015509
015510
015511
015512
015513
015515
015516
015517
015518
015519
015521
015522
015523
015524
015525
015526
015527
015528
015529
015530
015531
015532
015533
015534
015535
015536
015537
015538
015540
015541
015542
015543
015544
015545
015546
015547
015548
015550
015551
015553
015554
015555
015559
015560
015561
015562
015563
015564
015565
015566
015567
015568
015569
015570
015571
015572
015574
015575
015576
015577
015578
015579
015580
015581
015582
015583
015584
015585
015586
015587
015589
015590
015591
015592
015593
015594
015595
015596
015598
015599
015600
015601
015602
015603
015604
015605
015606
015607
015608
015610
015611
015612
015613
015614
015615
015616
015617
015618
015621
015622
015623
015624
015625
015626
015627
015628
015629
015630
015631
015632
015633
015634
015635
015636
015637
015638
015639
015640
015641
015642
015643
015644
015645
015647
015648
015649
015650
015651
015653
015655
015656
015657
015659
015660
015661
015662
015664
015665
015666
015669
015670
015671
015674
015675
015676
015678
015679
015680
015681
015682
015683
015685
015686
015687
015688
015689
015690
015691
015692
015693
015694
015695
015697
015698
015700
015701
015702
015703
015704
015705
015706
015707
015708
015709
015710
015711
015712
015713
015714
015715
015717
015718
015719
015720
015721
015722
015723
015725
015726
015727
015728
015729
015730
015731
015732
015733
015734
015735
015736
015737
015739
015740
015741
015742
015744
015745
015752
015753
015755
015756
015757
015758
015759
015760
015762
015763
015767
015768
015770
015771
015772
015773
015774
015775
015776
015777
015779
015780
015781
015782
015785
015788
015789
